Game 1393522795060793385
5.9.8
1033766076678406184
123
30645123415062345621005612431205364102536412435065036124
2598
2598
2598
2598
0598
5598
3598
3598
3598
3598
3598
2598
3598
0598
4598
2598
2598
2598
2598
0598
2598
0598
6598
3598
3598
3598
3598
4598
5598
5598
0598
3598
3598
0598
6598
4598
2598
2598
1598
1598
1598
1598
1598
1598
1598
1598
1598
1598
1598
1598
1598
1598
1598
1598
4598
0598
3598
0598
4598
4598
3598
3598
3598
3598
0598
6598
3598
3598
3598
3598
0598
4598
2598
2598
2598
2598
2598
0598
5598
2598
0598
3598
1598
1598
1598
1598
1598
1598
1598
1598
1598
1598
1598
1598
1598
1598
1598
1598
3598
3598
0598
6598
5598
5598
5598
1598
1598
1598
1598
1598
1598
1598
1598
1598
1598
1598
1598
1598
1598
1598
1598
4598
0598
6598
2598
2598
2598
0598
4598
5598
5598
3598
3598
1598
1598
1598
1598
1598
1598
1598
1598
1598
1598
1598
1598
1598
1598
1598
1598
1598
4598
4598
4598
0598
6598
3598
3598
0598
5598
5598
2598
3598
3598
3598
0598
4598
4598
2598
2598
0598
5598
0598
6598
5598
5598
5598
5598
3598
3598
3598
0598
6598
2598
1598
1598
1598
1598
1598
1598
1598
1598
1598
1598
1598
1598
1598
1598
1598
1598
1598
1598
3598
0598
0598
3598
3598
0598
4598
2598
2598
2598
2598
0598
4598
3598
3598
3598
3598
0598
2598
0598
6598
5598
2598
2598
1598
1598
1598
1598
1598
1598
1598
1598
1598
1598
1598
1598
1598
1598
1598
1598
1598
4598
4598
4598
0598
3598
3598
3598
0598
6598
4598
2598
2598
0598
4598
4598
3598
0598
2598
2598
2598
2598
0598
6598
4598
3598
3598
3598
3598
0598
4598
3598
3598
1598
1598
1598
1598
1598
1598
1598
1598
1598
1598
1598
1598
1598
1598
1598
4598
0598
6598
5598
2598
2598
1598
1598
1598
1598
1598
1598
1598
1598
1598
1598
1598
1598
1598
1598
1598
1598
5598
0598
4598
3598
3598
3598
3598
0598
3598
3598
3598
3598
5598
0598
4598
6598
4598
4598
3598
1598
1598
1598
1598
1598
1598
1598
1598
1598
1598
1598
1598
1598
1598
1598
1598
1598
3598
0598
2598
2598
2598
2598
0598
5598
2598
2598
2598
0598
2598
0598
6598
1598
1598
1598
1598
1598
1598
1598
1598
1598
1598
1598
1598
1598
1598
1598
1598
2598
2598
5598
5598
0598
3598
3598
3598
0598
4598
1598
1598
1598
1598
1598
1598
1598
1598
1598
1598
1598
1598
1598
1598
1598
1598
1598
4598
0598
6598
4598
4598
3598
3598
3598
3598
0598
6598
3598
3598
3598
3598
0598
5598
2598
2598
2598
2598
0598
5598
2598
0598
4598
1598
1598
1598
1598
1598
1598
1598
1598
1598
1598
1598
1598
1598
1598
1598
1598
6598
5598
5598
5598
1598
1598
1598
1598
1598
1598
1598
1598
1598
1598
1598
1598
1598
1598
1598
1598
4598
0598
6598
3598
3598
5598
1598
1598
1598
1598
1598
1598
1598
1598
1598
1598
1598
1598
1598
1598
1598
1598
1598
Game 912062935168339978
cars4soki73
-1
023
0521463
2cars4s?ki73

Keybind 1033766076678406184
5s
4d
0?
2j
6?
1k
3l
Keybind 722202264055447643
6c
5z
0hd